[   0,  12,  12,  40,  40],
[   1,  52,  63,  62,  50],
[   2, 138,  63,  62,  50],
[   3, 225,  63,  62,  50],
[   4,  52, 120,  62,  50],
[   5, 138, 120,  62,  50],
[   6, 225, 120,  62,  50],
[   7,  52, 177,  62,  50],
[   8, 138, 177,  62,  50],
[   9, 225, 177,  62,  50],
[  10,  52, 233,  62,  50],
[  11, 138, 233,  62,  50],
[  12, 225, 233,  62,  50],
[  13,  52, 289,  62,  50],
[  14, 138, 289,  62,  50],
[  15, 225, 289,  62,  50],
[  16, 338,  64,  86,  90],
[  17, 338, 181,  93,  66],
[  18, 338, 272,  93,  66],
[],
[  20, 112, 376,  38,  30],
[  21, 302, 376,  38,  30],
[  22, 359, 374,  86,  48],
[  23, 162, 618,  48,  30],
[  24, 228, 618,  62,  30],
[  25, 309, 618,  50,  30],
[  26,  93, 618,  50,  30],
[  27, 377, 618,  50,  30],
[  28,  28, 618,  50,  30],
[  29, 203, 463,  51,  48],
[  30, 260, 456,  35,  57],
[  31, 161, 458,  33,  58],
[  32, 309, 451,  44,  78],
[  33,  96, 444,  50,  88],
[  34, 192, 417,  72,  36],
[  35, 194, 520,  66,  35],
[  36, 185, 363,  84,  48],
[  37, 184, 563,  84,  39],
[  38, 112, 569,  38,  30],
[  39, 302, 568,  38,  30]
